30002
30003
30004
30005
30006
30007
30008
30009
30010
30011
30012
30013
30014
30015
30016
30017
30018
30019
30021
30022
30023
30024
30025
30026
30028
30029
30030
30031
30032
30033
30034
30035
30036
30037
30038
30039
30040
30041
30042
30043
30044
30045
30046
30047
30048
30049
30052
30054
30055
30056
30058
30060
30061
30062
30063
30064
30065
30066
30067
30068
30069
30070
30071
30072
30074
30075
30076
30077
30078
30079
30080
30081
30082
30083
30084
30085
30086
30087
30088
30090
30091
30092
30093
30094
30095
30096
30097
30098
30099
30101
30102
30103
30104
30105
30106
30107
30108
30109
30110
30111
30112
30113
30114
30115
30116
30117
30118
30119
30120
30121
30122
30123
30124
30125
30126
30127
30129
30132
30133
30134
30135
30137
30138
30139
30140
30141
30142
30143
30144
30145
30146
30147
30148
30149
30150
30151
30152
30153
30154
30156
30157
30160
30161
30162
30163
30164
30165
30168
30169
30170
30171
30172
30173
30175
30176
30177
30178
30179
30180
30182
30183
30184
30185
30187
30188
30189
30204
30205
30206
30212
30213
30214
30215
30216
30217
30218
30219
30220
30222
30223
30224
30228
30229
30230